33
34
35
36
37
38
39
40
41
42
43
44
45
46
47
48
49
50
51
52
53
54
55
56
57
58
59
60
61
62
63
64
65
66
67
68
69
70
71
72
73
74
75
76
77
78
79
80
81
82
83
84
85
86
87
88
89
90
91
215
93
94
95
96
97
98
99
100
101
102
103
104
105
106
107
108
109
110
111
112
113
114
115
116
117
118
119
120
121
122
123
125
126
92
223
192
193
194
195
196
197
198
199
200
201
202
203
204
204
206
207
208
209
210
211
212
213
214
216
217
218
219
220
221
222
376
223
224
225
226
227
228
229
230
231
232
233
234
235
236
237
238
239
240
241
242
243
244
245
246
247
248
249
250
251
252
253
254
255
191
161
171
187
176
352
338
381
353
339
382
8482
169
174
0
1
2
3
4
8364
163
162
8220
8216
8221
8230
8217