0 245 3321 7841
1 245 3578 7937
2 245 3836 8040
3 245 4093 8154
4 245 4351 8281
5 245 4608 8423
6 245 25468 4526
7 245 25726 4792
8 245 25983 5144
9 245 26241 5573
10 245 26498 6065
11 245 32936 6215
12 245 33194 6200
13 470 2677 7311
14 470 2934 7399
15 470 3192 7490
16 470 3449 7585
17 470 3707 7683
18 470 3964 7785
19 470 4222 7895
20 470 4479 8015
21 470 4737 8145
22 470 4995 8288
23 470 5252 8444
24 470 5510 8616
25 470 24824 3859
26 470 25082 3986
27 470 25339 4171
28 470 25597 4424
29 470 25854 4748
30 470 26112 5133
31 470 26369 5560
32 470 26627 6005
33 470 26885 6463
34 470 27142 6963
35 470 32293 6821
36 470 32550 6798
37 470 32808 6777
38 470 33065 6757
39 470 33323 6738
40 695 2290 6886
41 695 2548 6987
42 695 2806 7089
43 695 3063 7190
44 695 3321 7291
45 695 3578 7390
46 695 3836 7488
47 695 4093 7588
48 695 4351 7691
49 695 4608 7800
50 695 4866 7916
51 695 5123 8041
52 695 5381 8177
53 695 5638 8327
54 695 5896 8490
55 695 6153 8669
56 695 6411 8860
57 695 24180 3387
58 695 24438 3458
59 695 24696 3563
60 695 24953 3711
61 695 25211 3909
62 695 25468 4167
63 695 25726 4488
64 695 25983 4867
65 695 26241 5284
66 695 26498 5710
67 695 26756 6120
68 695 27013 6507
69 695 27271 6886
70 695 27528 7265
71 695 27786 7608
72 695 31134 7484
73 695 31391 7446
74 695 31649 7412
75 695 31906 7381
76 695 32164 7353
77 695 32421 7326
78 695 32679 7302
79 695 32936 7278
80 695 33194 7256
81 920 1904 6447
82 920 2162 6575
83 920 2419 6701
84 920 2677 6823
85 920 2934 6942
86 920 3192 7054
87 920 3449 7161
88 920 3707 7263
89 920 3964 7360
90 920 4222 7454
91 920 4479 7548
92 920 4737 7643
93 920 4995 7742
94 920 5252 7847
95 920 5510 7961
96 920 5767 8086
97 920 6025 8223
98 920 6282 8375
99 920 6540 8540
100 920 6797 8719
101 920 7055 8908
102 920 23794 3064
103 920 24052 3127
104 920 24309 3221
105 920 24567 3350
106 920 24824 3520
107 920 25082 3736
108 920 25339 4006
109 920 25597 4333
110 920 25854 4718
111 920 26112 5146
112 920 26369 5586
113 920 26627 6001
114 920 26885 6372
115 920 27142 6700
116 920 27400 7000
117 920 27657 7282
118 920 27915 7547
119 920 28172 7775
120 920 28430 7948
121 920 28687 8060
122 920 28945 8119
123 920 29202 8139
124 920 29460 8133
125 920 29717 8112
126 920 29975 8082
127 920 30232 8049
128 920 30490 8015
129 920 30747 7982
130 920 31005 7949
131 920 31263 7918
132 920 31520 7889
133 920 31778 7861
134 920 32035 7833
135 920 32293 7807
136 920 32550 7782
137 920 32808 7757
138 920 33065 7732
139 920 33323 7708
140 1145 1775 6127
141 1145 2033 6291
142 1145 2290 6449
143 1145 2548 6600
144 1145 2806 6741
145 1145 3063 6873
146 1145 3321 6994
147 1145 3578 7105
148 1145 3836 7206
149 1145 4093 7299
150 1145 4351 7386
151 1145 4608 7469
152 1145 4866 7549
153 1145 5123 7629
154 1145 5381 7713
155 1145 5638 7802
156 1145 5896 7900
157 1145 6153 8009
158 1145 6411 8131
159 1145 6668 8266
160 1145 6926 8416
161 1145 7184 8578
162 1145 7441 8749
163 1145 7699 8926
164 1145 23150 2764
165 1145 23408 2800
166 1145 23665 2858
167 1145 23923 2944
168 1145 24180 3062
169 1145 24438 3216
170 1145 24696 3407
171 1145 24953 3641
172 1145 25211 3922
173 1145 25468 4258
174 1145 25726 4654
175 1145 25983 5102
176 1145 26241 5570
177 1145 26498 6013
178 1145 26756 6397
179 1145 27013 6717
180 1145 27271 6986
181 1145 27528 7222
182 1145 27786 7434
183 1145 28043 7634
184 1145 28301 7821
185 1145 28558 7987
186 1145 28816 8121
187 1145 29074 8221
188 1145 29331 8288
189 1145 29589 8328
190 1145 29846 8349
191 1145 30104 8356
192 1145 30361 8353
193 1145 30619 8343
194 1145 30876 8329
195 1145 31134 8312
196 1145 31391 8293
197 1145 31649 8272
198 1145 31906 8251
199 1145 32164 8229
200 1145 32421 8206
201 1145 32679 8183
202 1145 32936 8159
203 1145 33194 8135
204 1370 1389 5600
205 1370 1647 5822
206 1370 1904 6031
207 1370 2162 6229
208 1370 2419 6414
209 1370 2677 6584
210 1370 2934 6740
211 1370 3192 6880
212 1370 3449 7006
213 1370 3707 7118
214 1370 3964 7217
215 1370 4222 7305
216 1370 4479 7383
217 1370 4737 7453
218 1370 4995 7518
219 1370 5252 7579
220 1370 5510 7641
221 1370 5767 7705
222 1370 6025 7775
223 1370 6282 7854
224 1370 6540 7944
225 1370 6797 8047
226 1370 7055 8164
227 1370 7312 8295
228 1370 7570 8437
229 1370 7827 8587
230 1370 8085 8742
231 1370 8342 8898
232 1370 22507 2546
233 1370 22764 2562
234 1370 23022 2593
235 1370 23279 2646
236 1370 23537 2725
237 1370 23794 2833
238 1370 24052 2973
239 1370 24309 3147
240 1370 24567 3357
241 1370 24824 3606
242 1370 25082 3899
243 1370 25339 4244
244 1370 25597 4652
245 1370 25854 5125
246 1370 26112 5636
247 1370 26369 6126
248 1370 26627 6538
249 1370 26885 6863
250 1370 27142 7118
251 1370 27400 7327
252 1370 27657 7501
253 1370 27915 7653
254 1370 28172 7796
255 1370 28430 7937
256 1370 28687 8076
257 1370 28945 8206
258 1370 29202 8319
259 1370 29460 8411
260 1370 29717 8482
261 1370 29975 8534
262 1370 30232 8569
263 1370 30490 8592
264 1370 30747 8604
265 1370 31005 8609
266 1370 31263 8607
267 1370 31520 8601
268 1370 31778 8591
269 1370 32035 8577
270 1370 32293 8562
271 1370 32550 8545
272 1370 32808 8526
273 1370 33065 8506
274 1370 33323 8484
275 1595 1260 5244
276 1595 1518 5526
277 1595 1775 5790
278 1595 2033 6036
279 1595 2290 6261
280 1595 2548 6465
281 1595 2806 6649
282 1595 3063 6813
283 1595 3321 6959
284 1595 3578 7087
285 1595 3836 7197
286 1595 4093 7293
287 1595 4351 7374
288 1595 4608 7442
289 1595 4866 7499
290 1595 5123 7548
291 1595 5381 7591
292 1595 5638 7631
293 1595 5896 7671
294 1595 6153 7714
295 1595 6411 7763
296 1595 6668 7820
297 1595 6926 7889
298 1595 7184 7971
299 1595 7441 8067
300 1595 7699 8176
301 1595 7956 8296
302 1595 8214 8423
303 1595 8471 8554
304 1595 8729 8687
305 1595 8986 8819
306 1595 22120 2408
307 1595 22378 2415
308 1595 22635 2440
309 1595 22893 2485
310 1595 23150 2556
311 1595 23408 2654
312 1595 23665 2781
313 1595 23923 2939
314 1595 24180 3129
315 1595 24438 3355
316 1595 24696 3619
317 1595 24953 3925
318 1595 25211 4281
319 1595 25468 4701
320 1595 25726 5199
321 1595 25983 5766
322 1595 26241 6329
323 1595 26498 6788
324 1595 26756 7123
325 1595 27013 7366
326 1595 27271 7550
327 1595 27528 7695
328 1595 27786 7809
329 1595 28043 7903
330 1595 28301 7990
331 1595 28558 8080
332 1595 28816 8181
333 1595 29074 8288
334 1595 29331 8395
335 1595 29589 8495
336 1595 29846 8582
337 1595 30104 8655
338 1595 30361 8713
339 1595 30619 8758
340 1595 30876 8791
341 1595 31134 8814
342 1595 31391 8829
343 1595 31649 8837
344 1595 31906 8839
345 1595 32164 8837
346 1595 32421 8831
347 1595 32679 8821
348 1595 32936 8809
349 1595 33194 8794
350 1820 1132 4880
351 1820 1389 5234
352 1820 1647 5562
353 1820 1904 5862
354 1820 2162 6133
355 1820 2419 6376
356 1820 2677 6592
357 1820 2934 6784
358 1820 3192 6954
359 1820 3449 7102
360 1820 3707 7229
361 1820 3964 7338
362 1820 4222 7428
363 1820 4479 7502
364 1820 4737 7560
365 1820 4995 7604
366 1820 5252 7638
367 1820 5510 7664
368 1820 5767 7684
369 1820 6025 7701
370 1820 6282 7719
371 1820 6540 7739
372 1820 6797 7764
373 1820 7055 7799
374 1820 7312 7845
375 1820 7570 7904
376 1820 7827 7976
377 1820 8085 8061
378 1820 8342 8156
379 1820 8600 8259
380 1820 8857 8366
381 1820 9115 8476
382 1820 9373 8587
383 1820 9630 8697
384 1820 21476 2345
385 1820 21734 2325
386 1820 21991 2321
387 1820 22249 2336
388 1820 22507 2371
389 1820 22764 2431
390 1820 23022 2517
391 1820 23279 2630
392 1820 23537 2772
393 1820 23794 2944
394 1820 24052 3149
395 1820 24309 3389
396 1820 24567 3667
397 1820 24824 3988
398 1820 25082 4359
399 1820 27657 8075
400 1820 27915 8130
401 1820 28172 8165
402 1820 28430 8195
403 1820 28687 8231
404 1820 28945 8283
405 1820 29202 8355
406 1820 29460 8441
407 1820 29717 8535
408 1820 29975 8627
409 1820 30232 8712
410 1820 30490 8787
411 1820 30747 8850
412 1820 31005 8903
413 1820 31263 8944
414 1820 31520 8976
415 1820 31778 9000
416 1820 32035 9017
417 1820 32293 9027
418 1820 32550 9032
419 1820 32808 9032
420 1820 33065 9029
421 1820 33323 9022
422 2045 1003 4500
423 2045 1260 4938
424 2045 1518 5339
425 2045 1775 5702
426 2045 2033 6024
427 2045 2290 6309
428 2045 2548 6563
429 2045 2806 6787
430 2045 3063 6985
431 2045 3321 7157
432 2045 3578 7306
433 2045 3836 7433
434 2045 4093 7538
435 2045 4351 7623
436 2045 4608 7689
437 2045 4866 7736
438 2045 5123 7768
439 2045 5381 7788
440 2045 5638 7796
441 2045 5896 7798
442 2045 6153 7793
443 2045 6411 7787
444 2045 6668 7780
445 2045 6926 7777
446 2045 7184 7779
447 2045 7441 7789
448 2045 7699 7811
449 2045 7956 7845
450 2045 8214 7892
451 2045 8471 7951
452 2045 8729 8021
453 2045 8986 8098
454 2045 9244 8181
455 2045 9501 8268
456 2045 9759 8356
457 2045 10016 8445
458 2045 10274 8533
459 2045 10531 8619
460 2045 21090 2332
461 2045 21348 2297
462 2045 21605 2278
463 2045 21863 2279
464 2045 22120 2302
465 2045 22378 2348
466 2045 22635 2419
467 2045 22893 2515
468 2045 23150 2639
469 2045 23408 2793
470 2045 23665 2977
471 2045 23923 3195
472 2045 24180 3450
473 2045 28301 8429
474 2045 28558 8399
475 2045 28816 8377
476 2045 29074 8375
477 2045 29331 8401
478 2045 29589 8454
479 2045 29846 8529
480 2045 30104 8616
481 2045 30361 8705
482 2045 30619 8791
483 2045 30876 8870
484 2045 31134 8939
485 2045 31391 8999
486 2045 31649 9049
487 2045 31906 9089
488 2045 32164 9122
489 2045 32421 9147
490 2045 32679 9165
491 2045 32936 9178
492 2045 33194 9185
493 2270 874 4093
494 2270 1132 4630
495 2270 1389 5113
496 2270 1647 5545
497 2270 1904 5925
498 2270 2162 6260
499 2270 2419 6555
500 2270 2677 6816
501 2270 2934 7046
502 2270 3192 7248
503 2270 3449 7424
504 2270 3707 7573
505 2270 3964 7699
506 2270 4222 7801
507 2270 4479 7880
508 2270 4737 7937
509 2270 4995 7974
510 2270 5252 7993
511 2270 5510 7998
512 2270 5767 7990
513 2270 6025 7973
514 2270 6282 7949
515 2270 6540 7920
516 2270 6797 7888
517 2270 7055 7857
518 2270 7312 7830
519 2270 7570 7807
520 2270 7827 7793
521 2270 8085 7789
522 2270 8342 7797
523 2270 8600 7818
524 2270 8857 7850
525 2270 9115 7892
526 2270 9373 7943
527 2270 9630 8000
528 2270 9888 8062
529 2270 10145 8126
530 2270 10403 8192
531 2270 10660 8258
532 2270 10918 8324
533 2270 11175 8388
534 2270 11433 8451
535 2270 20446 2432
536 2270 20704 2367
537 2270 20961 2317
538 2270 21219 2283
539 2270 21476 2268
540 2270 21734 2275
541 2270 21991 2303
542 2270 22249 2355
543 2270 22507 2433
544 2270 22764 2537
545 2270 23022 2669
546 2270 23279 2832
547 2270 29202 8449
548 2270 29460 8420
549 2270 29717 8430
550 2270 29975 8476
551 2270 30232 8547
552 2270 30490 8634
553 2270 30747 8726
554 2270 31005 8817
555 2270 31263 8902
556 2270 31520 8979
557 2270 31778 9047
558 2270 32035 9105
559 2270 32293 9155
560 2270 32550 9196
561 2270 32808 9230
562 2270 33065 9257
563 2270 33323 9278
564 2495 745 3648
565 2495 1003 4302
566 2495 1260 4876
567 2495 1518 5384
568 2495 1775 5830
569 2495 2033 6221
570 2495 2290 6564
571 2495 2548 6867
572 2495 2806 7136
573 2495 3063 7372
574 2495 3321 7578
575 2495 3578 7757
576 2495 3836 7908
577 2495 4093 8032
578 2495 4351 8130
579 2495 4608 8203
580 2495 4866 8252
581 2495 5123 8278
582 2495 5381 8284
583 2495 5638 8274
584 2495 5896 8250
585 2495 6153 8215
586 2495 6411 8171
587 2495 6668 8120
588 2495 6926 8065
589 2495 7184 8009
590 2495 7441 7953
591 2495 7699 7901
592 2495 7956 7853
593 2495 8214 7814
594 2495 8471 7784
595 2495 8729 7764
596 2495 8986 7756
597 2495 9244 7759
598 2495 9501 7772
599 2495 9759 7794
600 2495 10016 7823
601 2495 10274 7857
602 2495 10531 7896
603 2495 10789 7936
604 2495 11046 7978
605 2495 11304 8020
606 2495 11562 8061
607 2495 11819 8102
608 2495 12077 8141
609 2495 19802 2619
610 2495 20060 2523
611 2495 20318 2443
612 2495 20575 2378
613 2495 20833 2330
614 2495 21090 2299
615 2495 21348 2287
616 2495 21605 2296
617 2495 21863 2327
618 2495 22120 2382
619 2495 22378 2462
620 2495 22635 2570
621 2495 29846 8365
622 2495 30104 8370
623 2495 30361 8418
624 2495 30619 8496
625 2495 30876 8590
626 2495 31134 8691
627 2495 31391 8790
628 2495 31649 8884
629 2495 31906 8971
630 2495 32164 9048
631 2495 32421 9116
632 2495 32679 9176
633 2495 32936 9226
634 2495 33194 9269
635 2720 617 3150
636 2720 874 3943
637 2720 1132 4620
638 2720 1389 5213
639 2720 1647 5733
640 2720 1904 6188
641 2720 2162 6587
642 2720 2419 6939
643 2720 2677 7251
644 2720 2934 7527
645 2720 3192 7770
646 2720 5252 8655
647 2720 5510 8649
648 2720 5767 8624
649 2720 6025 8583
650 2720 6282 8529
651 2720 6540 8466
652 2720 6797 8394
653 2720 7055 8317
654 2720 7312 8237
655 2720 7570 8155
656 2720 7827 8074
657 2720 8085 7996
658 2720 8342 7924
659 2720 8600 7858
660 2720 8857 7800
661 2720 9115 7751
662 2720 9373 7712
663 2720 9630 7683
664 2720 9888 7663
665 2720 10145 7653
666 2720 10403 7651
667 2720 10660 7654
668 2720 10918 7662
669 2720 11175 7673
670 2720 11433 7686
671 2720 11690 7699
672 2720 11948 7712
673 2720 12205 7725
674 2720 12463 7736
675 2720 12720 7745
676 2720 12978 7752
677 2720 19159 2887
678 2720 19416 2759
679 2720 19674 2648
680 2720 19931 2554
681 2720 20189 2475
682 2720 20446 2411
683 2720 20704 2364
684 2720 20961 2335
685 2720 21219 2323
686 2720 21476 2332
687 2720 21734 2362
688 2720 21991 2416
689 2720 30232 8209
690 2720 30490 8223
691 2720 30747 8285
692 2720 31005 8377
693 2720 31263 8486
694 2720 31520 8600
695 2720 31778 8712
696 2720 32035 8819
697 2720 32293 8917
698 2720 32550 9005
699 2720 32808 9085
700 2720 33065 9155
701 2720 33323 9216
702 2945 488 2583
703 2945 745 3541
704 2945 1003 4336
705 2945 1260 5025
706 2945 1518 5628
707 2945 1775 6157
708 2945 2033 6620
709 2945 6668 8844
710 2945 6926 8752
711 2945 7184 8653
712 2945 7441 8549
713 2945 7699 8443
714 2945 7956 8336
715 2945 8214 8230
716 2945 8471 8127
717 2945 8729 8029
718 2945 8986 7935
719 2945 9244 7847
720 2945 9501 7767
721 2945 9759 7694
722 2945 10016 7631
723 2945 10274 7576
724 2945 10531 7529
725 2945 10789 7490
726 2945 11046 7457
727 2945 11304 7429
728 2945 11562 7404
729 2945 11819 7381
730 2945 12077 7358
731 2945 12334 7335
732 2945 12592 7312
733 2945 12849 7286
734 2945 13107 7259
735 2945 13364 7228
736 2945 13622 7191
737 2945 13879 7148
738 2945 18515 3223
739 2945 18772 3063
740 2945 19030 2923
741 2945 19287 2800
742 2945 19545 2693
743 2945 19802 2600
744 2945 20060 2522
745 2945 20318 2459
746 2945 20575 2412
747 2945 20833 2381
748 2945 21090 2367
749 2945 30876 7992
750 2945 31134 8078
751 2945 31391 8194
752 2945 31649 8324
753 2945 31906 8457
754 2945 32164 8586
755 2945 32421 8707
756 2945 32679 8819
757 2945 32936 8921
758 2945 33194 9013
759 3170 359 1929
760 3170 617 3084
761 3170 874 4014
762 3170 1132 4814
763 3170 1389 5512
764 3170 7827 8831
765 3170 8085 8700
766 3170 8342 8569
767 3170 8600 8438
768 3170 8857 8310
769 3170 9115 8185
770 3170 9373 8062
771 3170 9630 7943
772 3170 9888 7829
773 3170 10145 7720
774 3170 10403 7619
775 3170 10660 7524
776 3170 10918 7437
777 3170 11175 7356
778 3170 11433 7281
779 3170 11690 7210
780 3170 11948 7141
781 3170 12205 7074
782 3170 12463 7007
783 3170 12720 6941
784 3170 12978 6874
785 3170 13235 6806
786 3170 13493 6733
787 3170 13751 6656
788 3170 14008 6571
789 3170 14266 6476
790 3170 14523 6368
791 3170 14781 6241
792 3170 17613 3798
793 3170 17871 3598
794 3170 18129 3416
795 3170 18386 3251
796 3170 18644 3104
797 3170 18901 2972
798 3170 19159 2855
799 3170 19416 2750
800 3170 19674 2659
801 3170 19931 2580
802 3170 20189 2515
803 3170 20446 2465
804 3170 31263 7681
805 3170 31520 7804
806 3170 31778 7952
807 3170 32035 8109
808 3170 32293 8265
809 3170 32550 8414
810 3170 32808 8553
811 3170 33065 8682
812 3170 33323 8798
813 3395 230 1137
814 3395 488 2555
815 3395 745 3645
816 3395 1003 4572
817 3395 8729 8874
818 3395 8986 8721
819 3395 9244 8568
820 3395 9501 8415
821 3395 9759 8263
822 3395 10016 8113
823 3395 10274 7963
824 3395 10531 7817
825 3395 10789 7675
826 3395 11046 7537
827 3395 11304 7405
828 3395 11562 7278
829 3395 11819 7156
830 3395 12077 7036
831 3395 12334 6918
832 3395 12592 6803
833 3395 12849 6689
834 3395 13107 6575
835 3395 13364 6461
836 3395 13622 6345
837 3395 13879 6227
838 3395 14137 6103
839 3395 14394 5973
840 3395 14652 5835
841 3395 14909 5687
842 3395 15167 5528
843 3395 15424 5358
844 3395 15682 5174
845 3395 15940 4980
846 3395 16197 4777
847 3395 16455 4570
848 3395 16712 4363
849 3395 16970 4160
850 3395 17227 3964
851 3395 17485 3779
852 3395 17742 3606
853 3395 18000 3446
854 3395 18257 3298
855 3395 18515 3161
856 3395 18772 3036
857 3395 19030 2922
858 3395 19287 2818
859 3395 19545 2726
860 3395 19802 2645
861 3395 31906 7468
862 3395 32164 7656
863 3395 32421 7845
864 3395 32679 8028
865 3395 32936 8201
866 3395 33194 8360
867 3620 101 13
868 3620 359 1934
869 3620 617 3215
870 3620 9888 8755
871 3620 10145 8576
872 3620 10403 8395
873 3620 10660 8212
874 3620 10918 8028
875 3620 11175 7844
876 3620 11433 7662
877 3620 11690 7482
878 3620 11948 7305
879 3620 12205 7131
880 3620 12463 6960
881 3620 12720 6793
882 3620 12978 6629
883 3620 13235 6468
884 3620 13493 6309
885 3620 13751 6150
886 3620 14008 5992
887 3620 14266 5834
888 3620 14523 5674
889 3620 14781 5512
890 3620 15038 5348
891 3620 15296 5181
892 3620 15553 5011
893 3620 15811 4837
894 3620 16068 4662
895 3620 16326 4485
896 3620 16583 4309
897 3620 16841 4136
898 3620 17098 3969
899 3620 17356 3807
900 3620 17613 3654
901 3620 17871 3508
902 3620 18129 3371
903 3620 18386 3241
904 3620 18644 3120
905 3620 18901 3007
906 3620 19159 2903
907 3620 32293 7079
908 3620 32550 7312
909 3620 32808 7539
910 3620 33065 7752
911 3620 33323 7950
912 3845 230 1156
913 3845 11304 8412
914 3845 11562 8191
915 3845 11819 7966
916 3845 12077 7738
917 3845 12334 7509
918 3845 12592 7281
919 3845 12849 7056
920 3845 13107 6837
921 3845 13364 6623
922 3845 13622 6416
923 3845 13879 6213
924 3845 14137 6015
925 3845 14394 5821
926 3845 14652 5631
927 3845 14909 5443
928 3845 15167 5259
929 3845 15424 5078
930 3845 15682 4900
931 3845 15940 4725
932 3845 16197 4554
933 3845 16455 4387
934 3845 16712 4224
935 3845 16970 4066
936 3845 17227 3914
937 3845 17485 3767
938 3845 17742 3627
939 3845 18000 3494
940 3845 18257 3367
941 3845 32679 6646
942 3845 32936 6930
943 3845 33194 7196
944 4070 101 0
945 4070 12978 7716
946 4070 13235 7431
947 4070 13493 7151
948 4070 13751 6879
949 4070 14008 6616
950 4070 14266 6364
951 4070 14523 6122
952 4070 14781 5888
953 4070 15038 5663
954 4070 15296 5446
955 4070 15553 5238
956 4070 15811 5038
957 4070 16068 4847
958 4070 16326 4664
959 4070 16583 4489
960 4070 16841 4323
961 4070 17098 4165
962 4070 33323 6514